Channel_Name,P01,P02,P03,P04,P05,P06,P07,P08,P09,P10,P11,P12,P13,P14,P15,P16,P17,P18,P19,P20,P21,P22,P23,P24,P25,P26,P27,P28,P29,P30,P31,P32,P33,P34,P35,P36,P37,P38,P39,P40,P41,P42,P43,P44,P45,P46,P47,P48,Fb49,Fb50,Fb51,Fb52,Fb53,Fb54,Fb55,Fb56,Fb57,Fb58,Fb59,Fb60,Fb61,Fb62,Fb63,Fb64,MKR1+,vT1,vT2,vT3,vT4,vT5,vT6,vT7,vT8,sT1,sT2,sT3,sT4,sT5,sT6,sT7,sT8,T01,T02,T03,T04,T05,T06,T07,T08,ECG+,R1+,R2+,R3+,F01,F02,F03,F04,F05,F06,F07,F08,F09,F10,F11,F12,F13,F14,F15,F16,thor+,abdo+,MKR2+
P01,0.0,0.011000000000000062,0.019519221295943107,0.03003331483536246,0.04060788100849388,0.05172040216394297,0.06220932405998312,0.07201388754955529,0.010770329614269138,0.01562049935181338,0.022715633383201195,0.030870698080866264,0.042731721238442974,0.05316013544000803,0.06354525946126902,0.07212489168102781,0.02163330765278403,0.023685438564654094,0.028913664589601974,0.03685105154537659,0.045000000000000005,0.05566866263886712,0.06495382975621991,0.07487322618933953,0.03165438358268892,0.03281767816284401,0.03811823710509183,0.04433959855479077,0.051584881506115725,0.06031583540000089,0.07003570517957251,0.07826876771739798,0.04060788100849395,0.04166533331199946,0.046690470119715076,0.05046781152378222,0.05678908345800277,0.06613622305514584,0.07563729238940274,0.08325863318599458,0.05081338406365008,0.05239274758971902,0.055299186250794025,0.059824744044584155,0.06519202405202654,0.07267736924242653,0.08058535847162315,0.08705170877128146,0.15071496276083537,0.1432375649052999,0.1348517704741024,0.12658593918757327,0.11627983488120369,0.10754068997360951,0.09924716620639605,0.09158056562393574,0.1472175261305528,0.1396030085635693,0.132113587491976,0.12298373876248841,0.1132872455309952,0.10295630140987001,0.09576011695899289,0.08778382538941897,,0.13100763336538826,0.12675567048459802,0.12258466462000861,0.11850316451470819,0.116400171821179,0.11857908753233005,0.11706835610018615,0.10592450141492286,0.10434557968596461,0.10279105019407082,0.10192644406629708,0.09886354231970443,0.09665402216152201,0.09443516294262423,0.09293546147730689,0.08820997676000143,0.11209371079592285,0.10393267051317405,0.09437160589923219,0.086,0.11017713011328617,0.10182828683622244,0.09254188241007416,0.08336666000266531,,,,,0.14550944986494865,0.13928747251637533,0.13147623359375643,0.12281693694275234,0.11343720729989787,0.10532805893967667,0.09630680142129114,0.08949860334105782,0.14450259513240585,0.13609188072769074,0.12800781226159597,0.11816936997377958,0.1094988584415381,0.10084145972763388,0.09270922284217469,0.085901105930017,,,
P02,0.011000000000000062,0.0,0.008602325267042547,0.019209372712298545,0.02983286778035251,0.041109609582188844,0.051816985632126375,0.061798058221921415,0.014317821063276349,0.010440306508910452,0.0131529464379659,0.020346989949375702,0.032015621187164146,0.042485291572495906,0.053037722424704406,0.06186275131288608,0.023430749027719966,0.02034698994937577,0.022022715545545173,0.02773084924772401,0.035128336140500496,0.04545327270945395,0.054827000647491096,0.06487680633323428,0.032939338184001195,0.030495901363953807,0.03280243893371331,0.037134889255254204,0.04280186911806525,0.050685303589896646,0.06024948132556817,0.06847627326307985,0.04168932717135157,0.0398622628559895,0.04262628297189418,0.044564559910314314,0.04925444142409892,0.05743692192309743,0.0664529909033445,0.07392563831310475,0.05158488150611569,0.050813384063649956,0.05177837386399841,0.054680892457969185,0.05860887304837033,0.06487680633323428,0.07217340230306443,0.07836453279386016,0.14235870187663266,0.13457340004622,0.12592855117089202,0.11749468073066106,0.1072846680565307,0.09931767214348099,0.09002777349240611,0.08235289915965305,0.13904675472660258,0.13111826722467,0.12330044606569747,0.11392980294900881,0.10420652570736623,0.09396275858019486,0.0863075894692928,0.07818567643756742,,0.1265780391695178,0.12164703037887928,0.11678184790454371,0.11199107107265284,0.1091512711790384,0.11071585252347552,0.10836973747315243,0.0967729300992792,0.09800510190801286,0.09646242791885339,0.09532051195833971,0.09163514609580752,0.08869611039949828,0.0858079250419213,0.08367795408588803,0.07839642849007845,0.10300485425454461,0.09459915433025805,0.08477617589865673,0.07619055059520168,0.101064335944981,0.09237965143904787,0.08278284846512582,0.07335529974037312,,,,,0.13718600511714005,0.1308892661756493,0.12308127396155749,0.1144071676076284,0.10509519494249002,0.09714422267947785,0.0883742043811427,0.08185963596303117,0.13590437814875564,0.1273342059306924,0.11924344845734704,0.10936635680134901,0.1007620960480675,0.09207605551933673,0.08417838202293974,0.07749838707999016,,,
P03,0.019519221295943107,0.008602325267042547,0.0,0.01063014581273473,0.0212602916254693,0.03264965543462901,0.04348562981031779,0.05356304696336831,0.02165640782770766,0.014177446878757707,0.009848857801796144,0.013341664064126296,0.024062418831031926,0.03433656942677878,0.044844174649557346,0.053823786563191554,0.028861739379323622,0.022803508501982758,0.02071231517720798,0.022869193252058544,0.0286705423736629,0.03813135192987523,0.047265209192385894,0.057280013966478735,0.03724244889907215,0.032526911934581196,0.03203123475609384,0.03407345007480164,0.0376563407675254,0.04421538193886829,0.05329165037789691,0.061261733569986404,0.04532107677449856,0.0415331193145904,0.04234383071948026,0.04249705872175155,0.045343136195018535,0.05197114584074513,0.06021627686929838,0.06729784543356494,0.05465345368775884,0.05217278984298233,0.05158488150611572,0.0529716905525961,0.05539855593785816,0.06024118192731613,0.06671581521648372,0.07244998274671981,0.13586022228746722,0.1278436545159751,0.11902940813093207,0.11051244273836316,0.10044899203078148,0.09317725044236924,0.08320456718233679,0.07567033764957046,0.13261221663180206,0.12444275792507975,0.11638298844762493,0.10683632341109459,0.09716480844420988,0.08704596486914257,0.07912648102879338,0.07101408311032396,,0.12292273996295397,0.11744786077234443,0.1120446339634344,0.10672394295564608,0.10331505214633538,0.10439348638684312,0.10143963722332608,0.08962700485902672,0.09278469701410895,0.09114274518577986,0.08969949832635632,0.08548099203916623,0.08195730595865142,0.07856844150166147,0.07601315675591956,0.07044146506142529,0.0957601169589929,0.08724104538575864,0.07728518616138541,0.06862215385719106,0.09366963221877195,0.08478207357690656,0.07502666192761076,0.06544463308782471,,,,,0.13089690599857584,0.12463546846704593,0.11694015563526498,0.1083558950865157,0.09922197337283713,0.09153687781435414,0.08312640976248162,0.0770129859179606,0.12932130528261768,0.12070625501605126,0.11269871339105873,0.10290286682109494,0.09446163242290491,0.08584870412533901,0.07831985699680509,0.07193052203341778,,,
P04,0.03003331483536246,0.019209372712298545,0.01063014581273473,0.0,0.010630145812734566,0.022113344387495893,0.03307567081708236,0.043243496620879215,0.031591137997862624,0.022847319317591652,0.01449137674618944,0.00953939201416933,0.015165750888103008,0.024535688292770495,0.034727510708370594,0.04384062043356585,0.03722902093797261,0.029274562336608922,0.023790754506740647,0.020639767440550252,0.022693611435820358,0.029883105594967777,0.03822302970723269,0.0479999999999999,0.044204072210600714,0.03766961640367472,0.03419064199455741,0.03307567081708242,0.03330165161069328,0.03733630940518885,0.045265881191025,0.05261178575186351,0.05125426811495791,0.045628938186199335,0.04424929377967516,0.04220189569201835,0.042391036788453226,0.04641120554348909,0.05322593352868496,0.05951470406546592,0.05971599450733447,0.055452682532047076,0.053141321022345665,0.05262128846769143,0.052971690552596054,0.05564171097297415,0.060745370193949676,0.06566582063752792,0.12759702190882033,0.11931890043073637,0.1103313192162587,0.1017546067753199,0.09192932067626726,0.08558621384311835,0.07487322618933942,0.06765352910233129,0.1243985530462472,0.11595257651298646,0.10761970079869196,0.09788258272031843,0.08832893070789424,0.07842193570679051,0.07025667228100108,0.06227358990776096,,0.11815667564720997,0.11202231920470128,0.10596697598780473,0.10000499987500616,0.09589056262218917,0.09634832639957988,0.09265527507918792,0.08065977932030303,0.08619744775803971,0.08443932733033813,0.08262566187329447,0.07775602870517494,0.07349829930005175,0.06946941773183354,0.06635510530471629,0.06042350536008308,0.08659676668328896,0.07798717843338086,0.06792643079096668,0.059245252974394404,0.08429116205154598,0.07518643494673746,0.06528399497579776,0.055551777649324494,,,,,0.12298373876248835,0.11682893477217011,0.10935264057168431,0.10096534058774813,0.09216289925995158,0.08493526947034422,0.07712976079309455,0.07167984374982962,0.12101652779682608,0.11240551587889261,0.10456576877735839,0.09496315074806638,0.08682165628459286,0.07840280607223178,0.07150524456289892,0.06567343450741699,,,
P05,0.04060788100849388,0.02983286778035251,0.0212602916254693,0.010630145812734566,0.0,0.01174734012447073,0.02286919325205854,0.033120990323358385,0.04186884283091657,0.032695565448543504,0.023430749027719907,0.015165750888103013,0.0103440804327886,0.015842979517754856,0.025039968051097834,0.03424908757908741,0.046529560496527365,0.03768288736283354,0.03047950130825634,0.02355843797877949,0.02083266665599966,0.02362202362203543,0.030232432915661946,0.03940812099047606,0.052411830725514634,0.04478839135311735,0.03921734310225506,0.03539774004085572,0.03203123475609384,0.03254228019054596,0.038522720568516446,0.04482186966202991,0.05853204250664747,0.051623637996561215,0.04846648326421054,0.044519658579104136,0.042,0.04281354925721529,0.04760252094164762,0.052735187493740794,0.06611353870426238,0.06044832503882965,0.05668333088307355,0.05438749856354858,0.052621288467691485,0.05281098370604358,0.05616938667993447,0.060008332754709987,0.11970797801316334,0.11115754585272203,0.102,0.09338629449764027,0.08389278872465739,0.078701969479804,0.06719374970932934,0.060448325038829645,0.11657615536635269,0.10784247771634328,0.09922197337283711,0.08929725639682329,0.07993122043357026,0.07034912934784623,0.06194352266379431,0.0542125446737192,,0.11418406193510545,0.10737783756436893,0.10064790112068905,0.09401063769595439,0.08911789943664516,0.0888481851249647,0.08429709366283039,0.07214568594171102,0.08047981113297917,0.07860661549767932,0.07638062581571324,0.07078841713161836,0.06567343450741707,0.0608687111741328,0.057043842787806644,0.050655700567655754,0.07780745465570764,0.06913031173081748,0.059,0.050368641037852116,0.07524626236564842,0.06590902821313632,0.05586591089385368,0.04598912915026767,,,,,0.11550757550914138,0.10949885844153809,0.10230835742987958,0.09419660291114536,0.08584287972802404,0.0792148975887743,0.07220803279414278,0.06760917097554148,0.11310172412478954,0.10452750834110607,0.09691749068150703,0.08759566199304622,0.07986864215698174,0.07176350047203663,0.06571149062378663,0.060646516800225224,,,
P06,0.05172040216394297,0.041109609582188844,0.03264965543462901,0.022113344387495893,0.01174734012447073,0.0,0.011180339887498947,0.021470910553583886,0.052640288753007344,0.04339354790749413,0.03386738844375213,0.024779023386727664,0.014456832294800962,0.009848857801796104,0.014317821063276332,0.02308679276123039,0.0563826214360418,0.047138094997570705,0.03902563260217572,0.03014962686336267,0.023537204591879645,0.01979898987322333,0.022,0.029546573405388313,0.06103277807866851,0.05289612462175273,0.045891175622334975,0.039912404086950216,0.03343650699460088,0.029614185789921695,0.03196873472629156,0.03612478373637684,0.06598484674529435,0.05819793810780581,0.0536935750346352,0.04824935232725927,0.043243496620879306,0.04026164427839479,0.04207136793592526,0.045199557519958036,0.07253275122315436,0.06571149062378663,0.06083584469702052,0.05695612346359256,0.053075418038862406,0.05040833264451424,0.051429563482495166,0.053637673327615536,0.10941663493271943,0.10068763578513501,0.09146584061823299,0.08291561975888499,0.07379701890998037,0.06967065379340143,0.057870545184921116,0.05196152422706632,0.10627323275406654,0.0973344748791506,0.08852683209061532,0.07849840762716145,0.06937578828380979,0.06015812497078012,0.05181698563212646,0.044687805943008654,,0.10753604047016051,0.10009995004993759,0.09273618495495704,0.08546344247688598,0.0798373346248483,0.07887965517166008,0.07360706487831178,0.06147357155721473,0.07246378405796926,0.07066116330771804,0.06822023160324216,0.06213694553162394,0.05632938842203064,0.05080354318352215,0.046151923036857306,0.03911521443121589,0.06679820356865894,0.05814636704042653,0.048093658625644194,0.03973663297261105,0.06406246951218786,0.05457105459856901,0.04448595283907045,0.03459768778401239,,,,,0.1057638879769461,0.1000299955013495,0.09327915093953203,0.08562125904236634,0.07794228634059949,0.07217340230306453,0.06627216610312356,0.0628410693734599,0.1029271587094485,0.09451983918733675,0.08725250712730266,0.07840280607223189,0.07128113354878694,0.06373382147651277,0.05888972745734183,0.05506359959174482,,,
P07,0.06220932405998312,0.051816985632126375,0.04348562981031779,0.03307567081708236,0.02286919325205854,0.011180339887498947,0.0,0.010295630140987002,0.0631347764706583,0.05401851534427788,0.04451965857910405,0.03534119409414452,0.02416609194718914,0.015231546211727816,0.00894427190999907,0.014071247279470291,0.06643794096749236,0.05715767664977294,0.04876474136094643,0.039293765408777,0.031128764832546764,0.02317326045251293,0.019209372712298545,0.022759613353482085,0.07028513356322232,0.06207253821135393,0.05441507144165108,0.047307504690059475,0.039153543900903684,0.03212475680841802,0.030116440692751194,0.030822070014844813,0.07435724578008508,0.06619667665374142,0.060975404877704587,0.05470831746635972,0.048114446894877635,0.04202380277890138,0.0405585995813465,0.04096339829652801,0.08009993757800314,0.07261542535852833,0.06712674578735364,0.06220128616033594,0.05676266378527351,0.051633322573702345,0.05019960159204453,0.05041825066382211,0.10008496390567366,0.091230477363653,0.08204267182387467,0.07368853370776215,0.06512296062065974,0.06220128616033595,0.0506359556046886,0.046097722286464436,0.09679359482941008,0.08768694315575153,0.07875277772878872,0.0686804193347711,0.05998333101787528,0.05132250968142535,0.04347413023856831,0.03757658845611187,,0.10133607452432722,0.09330058949438637,0.08535221145348257,0.07751773990513397,0.07119691004531026,0.0695485441975603,0.06366317616958801,0.051903757089443926,0.06500769185258003,0.06315061361538778,0.06040695324215582,0.05381449618829484,0.04730750469005949,0.04106093033529562,0.03556683848755748,0.028017851452243805,0.056542019772908715,0.04812483766206386,0.03844476557348218,0.030886890422960975,0.05337602458033008,0.04385202389856139,0.03397057550292606,0.024331050121192882,,,,,0.09726767191621274,0.09198369420718,0.08588364221433555,0.07890500617831546,0.07218032973047435,0.06755738301621815,0.06306346010171024,0.06102458520956943,0.09390953093270141,0.08584287972802404,0.07910752176626444,0.07100704190430693,0.06477653896280659,0.058111960903070546,0.05489080068645382,0.05269724850502159,,,
P08,0.07201388754955529,0.061798058221921415,0.05356304696336831,0.043243496620879215,0.033120990323358385,0.021470910553583886,0.010295630140987002,0.0,0.07300684899377582,0.06401562309311676,0.05457105459856893,0.0453982378512646,0.03402939905434711,0.02420743687382041,0.013928388277184027,0.01095445115010332,0.07606576102294645,0.06682065548915245,0.058326666285670736,0.048641546028061235,0.0398622628559895,0.03014962686336267,0.02238302928559939,0.02073644135332772,0.07938513714795736,0.07119691004531019,0.06320601237224184,0.055497747702046435,0.04650806381693385,0.0377094152699296,0.032388269481403296,0.029495762407505163,0.08283115355951513,0.07449832212875665,0.06886218120274727,0.06213694553162394,0.05459853477887479,0.0464327470649756,0.042272922775696505,0.039974992182613286,0.087965902484997,0.0800812087820857,0.07422937423958255,0.06862215385719105,0.062128898268036276,0.05519057890618651,0.05167204273105525,0.049979995998399196,0.09209234495874234,0.08314445261110329,0.07406078584514209,0.06601514977639603,0.05821511831131154,0.056736231810017135,0.04580392996239509,0.043046486500061765,0.0886171540955813,0.07936623967405788,0.07034202158027589,0.06029096117993144,0.052230259428802384,0.04442971978304609,0.03749666651850535,0.03349626844888845,,0.09648315915225827,0.08789197915623473,0.07940403012442127,0.07105631569396206,0.06403905058634146,0.061619802012015584,0.05509083408335728,0.04402272140611028,0.05917769850205396,0.05721887800367987,0.05412023651093923,0.04701063709417263,0.039749213828703577,0.03268026927673638,0.026095976701399775,0.017916472867168916,0.04763402145525822,0.039673668849754755,0.030789608636681304,0.024859605789312057,0.04382921400162225,0.03436568055487916,0.02501999200639361,0.016309506430300092,,,,,0.09026073343375844,0.08552777326693359,0.0802122185206219,0.07406753674856482,0.06848357467305573,0.06516133823057964,0.06220128616033594,0.06156297588648554,0.08633075929238662,0.07872102641607259,0.0726636084983398,0.0655286197016235,0.06041522986797286,0.05489080068645383,0.05348831648126533,0.053,,,
P09,0.010770329614269138,0.014317821063276349,0.02165640782770766,0.031591137997862624,0.04186884283091657,0.052640288753007344,0.0631347764706583,0.07300684899377582,0.0,0.010198039027185583,0.019798989873223323,0.029068883707497217,0.041352146256270574,0.052057660339281386,0.0629444199274248,0.0715122367151244,0.010954451150103288,0.014456832294800876,0.021908902300206555,0.031780497164141316,0.04104875150354748,0.052640288753007324,0.06269768735766885,0.07292461861401804,0.021307275752662475,0.022649503305812245,0.02927456233660876,0.036851051545376455,0.04561797891182806,0.05565968020030288,0.06615889962809225,0.07513986957667672,0.030675723300355857,0.03168595903550972,0.03720215047547647,0.04189272013130673,0.049406477308142405,0.06011655346075645,0.07051950084905582,0.07894301742396212,0.04091454509095752,0.04248529157249594,0.04562893818619925,0.0507838557023784,0.05707889277132125,0.0657419196555743,0.07452516353554674,0.0816945530620003,0.14825316185498363,0.1408438852062807,0.1323971298782567,0.12398386991863083,0.11344161493913942,0.10442700800080398,0.09578100020358933,0.08760707733967606,0.14531689509482362,0.13780058055030092,0.13034569421350278,0.12129715577869077,0.11132834320154045,0.10089598604503543,0.09330594836343489,0.08488816171881673,,0.13085488145269927,0.12675567048459796,0.12258466462000855,0.1183342722967441,0.11610770861575032,0.11815667564720995,0.11626263372210342,0.1044222198576528,0.10547037498748159,0.10489041900955484,0.10473299384625642,0.10206860437960336,0.0998699153899711,0.09731392500562283,0.09504209593648481,0.08908984229416946,0.11143159336561592,0.10290772565750338,0.09309135298189612,0.08438009243891588,0.11050339361304692,0.10186756107809776,0.09217374897442321,0.08290958931269642,,,,,0.1420176045425354,0.13536986370680876,0.12709838708654006,0.118084715353004,0.10829589096544696,0.09972963451251578,0.09026073343375834,0.08298192574289887,0.14150971698084897,0.132774244490413,0.12433020550131804,0.11408768557561319,0.10504284840006949,0.09615092303249086,0.0874242529278917,0.08006872048434385,,,
P10,0.01562049935181338,0.010440306508910452,0.014177446878757707,0.022847319317591652,0.032695565448543504,0.04339354790749413,0.05401851534427788,0.06401562309311676,0.010198039027185583,0.0,0.00979795897113267,0.01920937271229847,0.03152776554086877,0.042355637169094615,0.05349766350038094,0.06230569797378073,0.01496662954709587,0.010049875621120941,0.0135646599662505,0.02222611077089279,0.03138470965295033,0.0430232495285978,0.05339475629684986,0.06382789358893166,0.023874672772626723,0.020322401432901663,0.023345235059857434,0.029223278392404874,0.03678314831549895,0.04636809247747843,0.05696490147450435,0.06610597552415355,0.0327566787083184,0.030265491900843197,0.03310589071449371,0.03581898937714462,0.04182104733265292,0.05167204273105518,0.06181423784210228,0.07025667228100108,0.042497058721751614,0.04138840417314978,0.04230839160261237,0.04572745346069469,0.05061620293937502,0.05822370651203849,0.06655824516917487,0.07357988855658852,0.14083678496756438,0.1331202463940026,0.1244065914652434,0.1158101895344273,0.10534229919647652,0.09708243919473789,0.08737276463521104,0.07911384202527383,0.13810503249338876,0.13028046668629942,0.12249897958758664,0.11321219015636069,0.10319883720275135,0.0928439551074812,0.08474668135095309,0.07611832893594014,,0.12729100518104167,0.12255202976695234,0.11772425408555355,0.11279627653428978,0.1098590005416032,0.11130588483993095,0.10857716150277631,0.09624967532412759,0.10013990213696024,0.09958915603618686,0.0991816515288991,0.09594790253048774,0.0930698662296233,0.08987769467448514,0.086977008456258,0.08043009387039143,0.1033682736626668,0.09458329662260656,0.08448668534153757,0.07552483035399672,0.10246462804304698,0.09349331526906068,0.08347454701883669,0.07395944834840225,,,,,0.13458454591816987,0.12783192089615164,0.11952405615607252,0.11045361017187252,0.10067770358922565,0.09220629045786402,0.08291561975888492,0.07585512507405144,0.1338245119550225,0.12490396310766114,0.11642164747159343,0.10609429767899865,0.09706698717895793,0.08809653795694802,0.07951729371652425,0.07218725649309571,,,
P11,0.022715633383201195,0.0131529464379659,0.009848857801796144,0.01449137674618944,0.023430749027719907,0.03386738844375213,0.04451965857910405,0.05457105459856893,0.019798989873223323,0.00979795897113267,0.0,0.009433981132056568,0.021771541057077157,0.03264965543462893,0.04388621651498333,0.05285830114560996,0.02332380757938125,0.014866068747318528,0.01095445115010329,0.01462873883832771,0.022649503305812155,0.03386738844375211,0.044215381938868197,0.05471745608121771,0.030232432915661966,0.023769728648009424,0.022293496809607825,0.024779023386727664,0.02981610303175102,0.03813135192987514,0.048383881613611686,0.057358521598799866,0.037854986461495314,0.03280243893371345,0.032863353450309926,0.03303028912982743,0.03661966684720103,0.044698993277253934,0.05408326913195974,0.06216108107168011,0.04671188285650664,0.04337049688440285,0.04221374183841082,0.043577517139001785,0.04649731175025061,0.0523641098463441,0.059782940710540404,0.0663174185263569,0.1330676519669599,0.1250959631642843,0.11619380362136347,0.1074988372030134,0.09716480844420979,0.08962700485902664,0.0791580697086531,0.07101408311032387,0.1303878828726043,0.12229881438509524,0.11425410277097264,0.10477117924314863,0.09479451460923244,0.08454584555139294,0.0761445992832058,0.06748333127521186,,0.1225520297669524,0.11721348045340171,0.11179892664958811,0.10629675441893785,0.10274726273726217,0.1036773842262621,0.10030453628824562,0.08772684879784515,0.09370165420097974,0.09306986622962336,0.09237423883312916,0.08862279616441804,0.08517041739947027,0.08147392220827464,0.07810889834071397,0.07119691004531017,0.09476813810558898,0.08584870412533892,0.07559100475585694,0.0665131565932635,0.09373899935459085,0.08455175929571179,0.07435052118176433,0.06466838485689888,,,,,0.12706297651164944,0.12035364556173601,0.11216951457503942,0.10318914671611534,0.09359487165438063,0.08540491789118461,0.07649182962905243,0.06987131027825359,0.12597221915962256,0.11699999999999991,0.10860018416190637,0.09834632682515389,0.08947625383307005,0.08055432949258522,0.07235329985563882,0.06532227797620034,,,
P12,0.030870698080866264,0.020346989949375702,0.013341664064126296,0.00953939201416933,0.015165750888103013,0.024779023386727664,0.03534119409414452,0.0453982378512646,0.029068883707497217,0.01920937271229847,0.009433981132056568,0.0,0.012369316876852946,0.023259406699225976,0.03453983207834108,0.04364630568559035,0.032015621187164306,0.022671568097509344,0.015394804318340746,0.011180339887499039,0.015362291495737253,0.02533771891863986,0.03541186241925153,0.04590206967011398,0.037536648758247,0.029732137494637073,0.02501999200639361,0.023600847442411983,0.024859605789312105,0.03093541659651607,0.040422765862815485,0.04902040391510458,0.0439545219516718,0.03726929030716853,0.03505709628591631,0.032771939216347974,0.033436506994601045,0.03894868418830094,0.04713809499757073,0.05459853477887479,0.05185556864985677,0.046818799642878585,0.04394314508543975,0.04328972164382681,0.04401136216933086,0.04769696007084734,0.053860932037980966,0.05969087032369357,0.12535549449465705,0.11715801295686094,0.10810180387024075,0.09934284070832683,0.0891739872384318,0.08237718130647588,0.07125307010929426,0.06332456079595027,0.12270289320142372,0.11437657102746171,0.10609901036296235,0.09644687656943586,0.08653900854527971,0.07642643521714199,0.0677864293203293,0.05916924876994805,,0.117753980824429,0.11184811129384346,0.10587728746053138,0.09982985525382672,0.09568698971124545,0.09610411021387166,0.0921194876234122,0.07935363885796289,0.08736704184073071,0.08667756341753032,0.08572047596694729,0.08149233092751727,0.07749193506423742,0.07330075033722362,0.06945502141674129,0.06216108107168017,0.08627861844049194,0.07725930364687476,0.06688049042882382,0.05773214009544424,0.08512343978012162,0.07574958745762246,0.06539877674696977,0.05557877292636098,,,,,0.11965784554303158,0.11303981599418852,0.1050380883299006,0.09621330469326995,0.08688498144098325,0.07907591289387689,0.07066823897621904,0.06462971452822615,0.1182285921425101,0.1092520022699813,0.10098019607824102,0.09086803618434813,0.08222530024268687,0.0734302390027433,0.06574191965557444,0.059177698502054,,,
P13,0.042731721238442974,0.032015621187164146,0.024062418831031926,0.015165750888103008,0.0103440804327886,0.014456832294800962,0.02416609194718914,0.03402939905434711,0.041352146256270574,0.03152776554086877,0.021771541057077157,0.012369316876852946,0.0,0.010954451150103323,0.02244994432064369,0.03178049716414141,0.043566041821583926,0.033749074061372404,0.025099800796022264,0.015748015748023616,0.010630145812734651,0.014866068747318505,0.0241039415863879,0.034496376621320685,0.04770744176750624,0.038948684188300844,0.03170173496829463,0.026267851073127395,0.021748563170931455,0.02280350850198276,0.030380915061926625,0.03823610858861032,0.05277309920783493,0.04465422712353218,0.04012480529547776,0.03517101079013795,0.031796226191169286,0.03277193921634788,0.03858756276314948,0.04492215489043237,0.05939696961966999,0.05262128846769147,0.04785394445602159,0.04473253849269008,0.04244997055358225,0.042731721238442995,0.04673328578219169,0.05136146415358503,0.1152952731034538,0.10678483038334613,0.09750384607798812,0.08864536084872124,0.07874642849044013,0.07316419889536138,0.06095900261651267,0.05337602458033008,0.11278741064498289,0.1041393297462587,0.09553009996854395,0.08565628990331066,0.07585512507405152,0.06601514977639604,0.05693856338194703,0.0483735464897913,,0.11243220179290273,0.10577806956075536,0.09904039579888602,0.09220086767487604,0.08716077099245967,0.08674675786448735,0.08173738434767777,0.06860029154457,0.08028698524667618,0.07967433714816835,0.07844106067615353,0.0735934779718964,0.0687749954561976,0.06376519426771944,0.059,0.05084289527554465,0.07545197147855051,0.06624198064671677,0.055659680200302986,0.046368092477478536,0.07427651041883968,0.06458327956987009,0.053944415837044714,0.0439089968002003,,,,,0.10991360243391171,0.10338762014864257,0.09562426470305536,0.08702873088813833,0.07811529939774922,0.07090839160494335,0.06334824385884741,0.05827520913733386,0.10805091392487155,0.09904039579888602,0.09093954035511727,0.08103085831953158,0.07274613391789285,0.06419501538281613,0.057349803835758675,0.05158488150611572,,,
P14,0.05316013544000803,0.042485291572495906,0.03433656942677878,0.024535688292770495,0.015842979517754856,0.009848857801796104,0.015231546211727816,0.02420743687382041,0.052057660339281386,0.042355637169094615,0.03264965543462893,0.023259406699225976,0.010954451150103323,0.0,0.011661903789690653,0.021118712081942877,0.05390732788777421,0.04403407771260799,0.03507135583350036,0.024819347291981708,0.016155494421403512,0.010049875621120889,0.014866068747318507,0.024535688292770596,0.05716642371182581,0.048176757881783557,0.03991240408695013,0.032588341473600645,0.02459674775249759,0.01979898987322333,0.0232163735324878,0.0292916370317536,0.06122907805936641,0.052478567053607664,0.046754678910243846,0.04036087214122113,0.034219877264537346,0.03056141357987225,0.03293933818400121,0.037336309405188894,0.06687301398920195,0.05910160742314882,0.053272882407468816,0.04850773134253961,0.04388621651498339,0.0408656334834051,0.042237424163885755,0.045188494110780006,0.10600471687618432,0.09725739046468397,0.08783507272155013,0.07895568377260753,0.06937578828380979,0.06496922348312315,0.05203844732503074,0.045088801270381985,0.10356157588603988,0.09466255859631093,0.08580209787645054,0.07576938695805846,0.06613622305514581,0.05662155066756828,0.04730750469005948,0.03903844259188627,,0.10718675291284832,0.09990495483208028,0.09252567211320327,0.0850235261559999,0.07920227269466452,0.07803204469959761,0.07214568594171103,0.05880476171195663,0.07374279625834648,0.07323933369440222,0.07181225522151494,0.06651315659326357,0.061040969848127416,0.05533534132902769,0.04968903299521937,0.040657102700512246,0.06549045732013177,0.05617828762075257,0.045497252664309304,0.03619392214170773,0.06428841264178171,0.05435991169970753,0.043520110293977884,0.03334666400106613,,,,,0.10105938848023968,0.09472592042308166,0.08731551981177228,0.07908223567907018,0.07075309180523491,0.06434283176858165,0.05787054518492114,0.054,0.0987674035297071,0.0898276126811795,0.08198780397107854,0.07242927584892728,0.06465291950097846,0.05654201977290872,0.05084289527554464,0.0462709412050371,,,
P15,0.06354525946126902,0.053037722424704406,0.044844174649557346,0.034727510708370594,0.025039968051097834,0.014317821063276332,0.00894427190999907,0.013928388277184027,0.0629444199274248,0.05349766350038094,0.04388621651498333,0.03453983207834108,0.02244994432064369,0.011661903789690653,0.0,0.00969535971483263,0.0647919748117003,0.05509083408335733,0.04615192303685736,0.03588871688985278,0.026551836094703584,0.016278820596099797,0.010630145812734734,0.015684387141358155,0.06749814812274488,0.05869412236331675,0.050129831437977126,0.04202380277890147,0.03269556544854363,0.02416609194718924,0.02123676058159539,0.022759613353482085,0.07077428911688192,0.06188699378706323,0.05569560126257737,0.04867237409455192,0.04102438299353212,0.033674916480965565,0.03170173496829481,0.032588341473600645,0.07568355171369807,0.06741661516273277,0.061139185470531175,0.055398555937858245,0.049132473986153086,0.04319722213291044,0.04147288270665553,0.04192851058647333,0.0962548700066651,0.08733269719870101,0.07789094941005661,0.0691520064784819,0.060074953183502366,0.05696490147450447,0.04404543109109048,0.03853569773599543,0.09364293886887574,0.08452810183601663,0.07548509786706246,0.06533758489567852,0.056053545828966066,0.047010637094172636,0.03797367509209506,0.03078960863668134,,0.10070253224224301,0.09278469701410894,0.08478797084492586,0.07668767828015134,0.0701213234330328,0.0682129020054124,0.061619802012015557,0.04847679857416328,0.065924198895398,0.0653911308970872,0.06369458375717665,0.05796550698475768,0.051903757089443836,0.04558508528016584,0.03910242959203423,0.029274562336608825,0.05459853477887476,0.04538722287164085,0.03484250278036868,0.02596150997149434,0.05307541803886235,0.04302324952859786,0.03215587038162702,0.02190890230020661,,,,,0.09220086767487605,0.08633075929238665,0.07959899496852962,0.07206941098690904,0.06476109943476875,0.059632206063502356,0.05478138369920942,0.05257375771237974,0.08932524839036274,0.08070315978944073,0.07338937252763511,0.0645755371638518,0.05772347875864729,0.05052722038663918,0.04670117771534253,0.04410215414239997,,,
P16,0.07212489168102781,0.06186275131288608,0.053823786563191554,0.04384062043356585,0.03424908757908741,0.02308679276123039,0.014071247279470291,0.01095445115010332,0.0715122367151244,0.06230569797378073,0.05285830114560996,0.04364630568559035,0.03178049716414141,0.021118712081942877,0.00969535971483263,0.0,0.07300684899377592,0.06347440429023339,0.05457105459856901,0.04438468204234429,0.034770677301427425,0.023430749027719962,0.013152946437965905,0.009899494936611667,0.0750066663703967,0.06640030120413604,0.057645468165329276,0.04907137658554119,0.03923009049186598,0.0291547594742265,0.022022715545545243,0.01860107523773819,0.07746612162745711,0.0685127725318425,0.06201612693485461,0.05467174773134657,0.04622769732530488,0.03671511950137164,0.03154362059117501,0.029086079144497887,0.08162107570964744,0.073,0.06646803743153547,0.060108235708594866,0.05280151512977635,0.0449221548904324,0.040816663263917106,0.03906404996924922,0.08709190547921201,0.07810889834071405,0.06870953354520754,0.06011655346075654,0.051390660630118386,0.049183330509431744,0.03674234614174762,0.03281767816284388,0.08438601779915914,0.07517313349861106,0.06606057825965496,0.05588380803059147,0.046818799642878495,0.038131351929875226,0.029563490998188963,0.02379075450674064,,0.09434511116109832,0.08600581375697808,0.07756932383358772,0.06899999999999999,0.06184658438426491,0.05933801479658718,0.05218237250259899,0.039115214431215885,0.059245252974394494,0.059110066824526596,0.05759340239992772,0.0519807656734681,0.04582575694955839,0.03924283374069716,0.03195309061734091,0.02090454496036687,0.045,0.03580502757993632,0.02537715508089904,0.017029386365926383,0.043646305685590386,0.03348133808556641,0.022494443758403985,0.01224744871391589,,,,,0.08363611660042569,0.07814729681825214,0.07198610977126073,0.06509992319503917,0.05873670062235365,0.054790510127210895,0.05142956348249516,0.050695167422546296,0.08040522371090078,0.07206247289678588,0.06517668294720129,0.05704384278780665,0.051048996072400876,0.04482186966202994,0.042766809560686195,0.042059481689626185,,,
P17,0.02163330765278403,0.023430749027719966,0.028861739379323622,0.03722902093797261,0.046529560496527365,0.0563826214360418,0.06643794096749236,0.07606576102294645,0.010954451150103288,0.01496662954709587,0.02332380757938125,0.032015621187164306,0.043566041821583926,0.05390732788777421,0.0647919748117003,0.07300684899377592,0.0,0.010440306508910549,0.01979898987322333,0.030822070014844882,0.04050925820105818,0.052411830725514634,0.06276145313805281,0.0729520390393579,0.010677078252031309,0.013747727084867602,0.022825424421026634,0.03196873472629155,0.04234383071948026,0.053497663500381015,0.06441273166075166,0.07387827826905553,0.020420577856662115,0.022000000000000082,0.02870540018881465,0.03491418050019218,0.043965895873961214,0.05605354582896608,0.06720863039818621,0.07626270385975048,0.03056141357987225,0.03251153641401772,0.03641428291206624,0.04264973622427223,0.050219518117958876,0.060249481325568274,0.06989992846920516,0.07770456872024965,0.1463523146383411,0.13914381049834737,0.13077079184588583,0.12232742946698422,0.11161093136427094,0.10218121158021175,0.09360555539069251,0.08505880318932309,0.14394790724425277,0.13666382110858746,0.12939088066784304,0.12056948204251355,0.11042644610780517,0.09997999799959995,0.09224966124599049,0.08358229477586746,,0.13057947771376635,0.12678722333105966,0.12278029157808674,0.118536914081648,0.11636580253665595,0.11841030360572512,0.11636580253665593,0.10407689465006151,0.10708874824182042,0.10750813922675809,0.10813417591122614,0.10604715932074749,0.10406728592598156,0.1013804714922948,0.09853425800197614,0.09159148432032313,0.11184364085633122,0.10312128781197412,0.0932630687893123,0.08442748367682178,0.11194194924156002,0.10321337122679405,0.09333809511662428,0.08422588675698225,,,,,0.13911506029183182,0.13210980281568815,0.12344229421069587,0.11415778554264268,0.10403845442911962,0.09506839643120105,0.08519976525789258,0.07747257579298626,0.1391869246732609,0.13023440405668543,0.12149897118905986,0.11095945205344157,0.10161692772368196,0.0926120942425988,0.08334866525625949,0.07554468876102409,,,
P18,0.023685438564654094,0.02034698994937577,0.022803508501982758,0.029274562336608922,0.03768288736283354,0.047138094997570705,0.05715767664977294,0.06682065548915245,0.014456832294800876,0.010049875621120941,0.014866068747318528,0.022671568097509344,0.033749074061372404,0.04403407771260799,0.05509083408335733,0.06347440429023339,0.010440306508910549,0.0,0.009433981132056603,0.020469489490458723,0.030298514815086226,0.04235563716909474,0.053047148839499375,0.0634428877022476,0.01584297951775486,0.010295630140987036,0.014899664425751292,0.022912878474779196,0.032588341473600645,0.04357751713900184,0.05469917732470937,0.06438167441127951,0.024124676163629573,0.020615528128088353,0.023769728648009428,0.027748873851023217,0.035440090293338694,0.0469148164229596,0.05794825277780167,0.06708949247087805,0.033391615714128,0.03178049716414141,0.03281767816284387,0.037013511046643494,0.043092922852830486,0.05212485011968859,0.06140846847137616,0.06911584478250989,0.13858571354941318,0.131057239403247,0.12240914998479484,0.11377609590770812,0.10312128781197412,0.09443516294262429,0.08477617589865682,0.07611832893594025,0.13635981812836212,0.1287555824032496,0.12114866899805378,0.11208032833642127,0.10188719252192593,0.0915040982688754,0.08326463835266444,0.0743706931526122,,0.12659383871263244,0.12213926477591062,0.11746488837095108,0.1125433249908674,0.10966312051004203,0.11111255554616678,0.10824971131601228,0.09548298277703729,0.10125709851659782,0.10168087332433766,0.10204900783447138,0.09941327879111522,0.09679359482941007,0.0935147047260483,0.09007774419910836,0.08257118141337205,0.1033537614216338,0.0943769039543044,0.08424369412602939,0.07515982969645425,0.10346980235798268,0.09442457307290299,0.08424369412602939,0.07490660852021001,,,,,0.1313697073148905,0.12426584406022437,0.11556383517346591,0.10621205204683694,0.09608850087289321,0.08719518335321051,0.07747257579298626,0.06993568473962344,0.13116401945655676,0.12202458768625281,0.11324751652906125,0.10261091559868278,0.09326842981416596,0.08415461959987698,0.0750066663703967,0.06718630812896331,,,
P19,0.028913664589601974,0.022022715545545173,0.02071231517720798,0.023790754506740647,0.03047950130825634,0.03902563260217572,0.04876474136094643,0.058326666285670736,0.021908902300206555,0.0135646599662505,0.01095445115010329,0.015394804318340746,0.025099800796022264,0.03507135583350036,0.04615192303685736,0.05457105459856901,0.01979898987322333,0.009433981132056603,0.0,0.011045361017187262,0.020904544960366866,0.033030289129827486,0.043943145085439665,0.054460995216760406,0.023280893453645632,0.014456832294800931,0.011357816691600455,0.015684387141358117,0.02385372088375311,0.03443835071544512,0.04561797891182817,0.0554075807087803,0.029614185789921605,0.0228910462845192,0.022090722034374524,0.02286919325205854,0.028301943396169805,0.03865229618017538,0.049365980188789925,0.05844655678480984,0.03754996671103718,0.03318132004607411,0.03152776554086889,0.033271609519228244,0.037336309405188936,0.0449221548904324,0.05360970061472084,0.06107372593840988,0.13082430966758435,0.12304877081872861,0.11419719786404567,0.1054324428247776,0.09485251709891519,0.08681589716175257,0.07630203142774118,0.06760917097554149,0.12873616430513998,0.12088424214925615,0.11302212172844747,0.10377379245262265,0.09356281312572853,0.08325863318599462,0.07463243262818116,0.06558963332722634,,0.12212698309546502,0.1171110584018435,0.1118704608017684,0.10637198879404294,0.10288342918079664,0.1038123306741545,0.10026464980241041,0.08713208364316785,0.09535197952848175,0.09584362263604188,0.09604686356149274,0.09300537618869138,0.08987769467448528,0.08610458756651704,0.08212794895770867,0.07408778576796582,0.0950841732361385,0.08591856609604237,0.07559100475585703,0.06633249580710804,0.09526279441628824,0.08598255637046388,0.07557777451076474,0.06610597552415363,,,,,0.12368104139276964,0.11653754759733018,0.10786102168995063,0.09850888284819802,0.08845337754998392,0.07971198153351852,0.07022107945624304,0.06297618597533515,0.123227432010896,0.11396929411029971,0.10519505691808909,0.09453041838477179,0.08524083528450434,0.07608547824650903,0.06713419396998821,0.05942221806698232,,,
